100 3 2 0.000485
100 3 4 0.000346
100 3 8 0.000452
100 3 16 0.006184
100 5 2 0.000489
100 5 4 0.000361
100 5 8 0.000475
100 5 16 0.000852
100 10 2 0.000764
100 10 4 0.000543
100 10 8 0.000592
100 10 16 0.001068
100 15 2 0.001037
100 15 4 0.000687
100 15 8 0.000742
100 15 16 0.002971
100 20 2 0.001327
100 20 4 0.000877
100 20 8 0.000899
100 20 16 0.001472
100 25 2 0.001690
100 25 4 0.001088
100 25 8 0.001008
100 25 16 0.001702
100 30 2 0.002024
100 30 4 0.001310
100 30 8 0.001233
100 30 16 0.007074
100 35 2 0.002285
100 35 4 0.001427
100 35 8 0.001415
100 35 16 0.002571
100 40 2 0.002599
100 40 4 0.001594
100 40 8 0.001414
100 40 16 0.002350
100 45 2 0.002917
100 45 4 0.001811
100 45 8 0.001778
100 45 16 0.003170
100 50 2 0.003187
100 50 4 0.001924
100 50 8 0.001931
100 50 16 0.002864
1000 3 2 0.002773
1000 3 4 0.001465
1000 3 8 0.001179
1000 3 16 0.001368
1000 5 2 0.003984
1000 5 4 0.002063
1000 5 8 0.001786
1000 5 16 0.001717
1000 10 2 0.006975
1000 10 4 0.003824
1000 10 8 0.002419
1000 10 16 0.002816
1000 15 2 0.009726
1000 15 4 0.005627
1000 15 8 0.004576
1000 15 16 0.004168
1000 20 2 0.012606
1000 20 4 0.007218
1000 20 8 0.006403
1000 20 16 0.007990
1000 25 2 0.015602
1000 25 4 0.008672
1000 25 8 0.007183
1000 25 16 0.006541
1000 30 2 0.018485
1000 30 4 0.010675
1000 30 8 0.008504
1000 30 16 0.006689
1000 35 2 0.021433
1000 35 4 0.011398
1000 35 8 0.009610
1000 35 16 0.011227
1000 40 2 0.026867
1000 40 4 0.014874
1000 40 8 0.010424
1000 40 16 0.009144
1000 45 2 0.028666
1000 45 4 0.016037
1000 45 8 0.012714
1000 45 16 0.009633
1000 50 2 0.031873
1000 50 4 0.015726
1000 50 8 0.011723
1000 50 16 0.010630
10000 3 2 0.030410
10000 3 4 0.016784
10000 3 8 0.013495
10000 3 16 0.034345
10000 5 2 0.047963
10000 5 4 0.022828
10000 5 8 0.012407
10000 5 16 0.012419
10000 10 2 0.080893
10000 10 4 0.043120
10000 10 8 0.022082
10000 10 16 0.021616
10000 15 2 0.113903
10000 15 4 0.059562
10000 15 8 0.031144
10000 15 16 0.030679
10000 20 2 0.146270
10000 20 4 0.073246
10000 20 8 0.040457
10000 20 16 0.040548
10000 25 2 0.181070
10000 25 4 0.095840
10000 25 8 0.051158
10000 25 16 0.050756
10000 30 2 0.217933
10000 30 4 0.108979
10000 30 8 0.060838
10000 30 16 0.060626
10000 35 2 0.246976
10000 35 4 0.124797
10000 35 8 0.069882
10000 35 16 0.069929
10000 40 2 0.279154
10000 40 4 0.144562
10000 40 8 0.080719
10000 40 16 0.080366
10000 45 2 0.311919
10000 45 4 0.171906
10000 45 8 0.092561
10000 45 16 0.090497
10000 50 2 0.305865
10000 50 4 0.163376
10000 50 8 0.100570
10000 50 16 0.104212
100000 3 2 0.290560
100000 3 4 0.163841
100000 3 8 0.088477
100000 3 16 0.084174
100000 5 2 0.420911
100000 5 4 0.246972
100000 5 8 0.141029
100000 5 16 0.126975
100000 10 2 0.761676
100000 10 4 0.424961
100000 10 8 0.253885
100000 10 16 0.231494
100000 15 2 1.048890
100000 15 4 0.592496
100000 15 8 0.352498
100000 15 16 0.332520
100000 20 2 1.412782
100000 20 4 0.783945
100000 20 8 0.446791
100000 20 16 0.434959
100000 25 2 1.725624
100000 25 4 0.951515
100000 25 8 0.550693
100000 25 16 0.538647
100000 30 2 2.041728
100000 30 4 1.130526
100000 30 8 0.642042
100000 30 16 0.619755
100000 35 2 2.321489
100000 35 4 1.264119
100000 35 8 0.737046
100000 35 16 0.719441
100000 40 2 2.618061
100000 40 4 1.384259
100000 40 8 0.810988
100000 40 16 0.804422
100000 45 2 2.926018
100000 45 4 1.541151
100000 45 8 0.914592
100000 45 16 0.907450
100000 50 2 3.189904
100000 50 4 1.678840
100000 50 8 1.004501
100000 50 16 1.007671
1000000 3 2 3.019043
1000000 3 4 1.598851
1000000 3 8 0.943803
1000000 3 16 0.846771
1000000 5 2 4.324442
1000000 5 4 2.288596
1000000 5 8 1.408379
1000000 5 16 1.288528
1000000 10 2 7.379462
1000000 10 4 3.850611
1000000 10 8 2.702628
1000000 10 16 2.331546
1000000 15 2 10.638800
1000000 15 4 5.854446
1000000 15 8 3.482267
1000000 15 16 3.342324
1000000 20 2 13.957208
1000000 20 4 7.440569
1000000 20 8 4.434612
1000000 20 16 4.376240
1000000 25 2 16.500563
1000000 25 4 9.158543
1000000 25 8 5.591714
1000000 25 16 5.414268
1000000 30 2 19.497858
1000000 30 4 10.516119
1000000 30 8 6.611713
1000000 30 16 6.256485
1000000 35 2 22.334483
1000000 35 4 12.549480
1000000 35 8 7.456063
1000000 35 16 7.299860
1000000 40 2 24.762908
1000000 40 4 13.915683
1000000 40 8 8.519707
1000000 40 16 8.228159
1000000 45 2 27.780037
1000000 45 4 15.882447
1000000 45 8 9.476242
1000000 45 16 9.169549
1000000 50 2 30.571069
1000000 50 4 17.619601
1000000 50 8 10.381933
1000000 50 16 10.062992
10000000 3 2 29.095866
10000000 3 4 16.555241
10000000 3 8 9.775250
10000000 3 16 8.593374
10000000 5 2 42.790240
10000000 5 4 23.194607
10000000 5 8 14.542680
10000000 5 16 12.837954
10000000 10 2 70.211938
10000000 10 4 41.263613
10000000 10 8 24.569237
10000000 10 16 22.794175
10000000 15 2 105.223584
10000000 15 4 59.774032
10000000 15 8 34.472233
10000000 15 16 32.263261
10000000 20 2 143.535406
10000000 20 4 77.094465
10000000 20 8 45.365536
10000000 20 16 42.688296
10000000 25 2 162.296236
10000000 25 4 90.926401
10000000 25 8 55.699871
10000000 25 16 53.784113
10000000 30 2 195.006414
10000000 30 4 116.764073
10000000 30 8 66.421520
10000000 30 16 62.155090
10000000 35 2 234.248667
10000000 35 4 132.368049
10000000 35 8 75.171200
10000000 35 16 71.687200
10000000 40 2 249.126960
10000000 40 4 148.072532
10000000 40 8 85.116978
10000000 40 16 80.745365
10000000 45 2 280.152151
10000000 45 4 152.450891
10000000 45 8 94.373456
10000000 45 16 91.089390
10000000 50 2 302.864431
10000000 50 4 174.252399
10000000 50 8 103.360199
10000000 50 16 99.486581