100 3 2 0.000023
100 3 4 0.000030
100 3 8 0.000029
100 3 16 0.000044
100 5 2 0.000041
100 5 4 0.000071
100 5 8 0.000046
100 5 16 0.000047
100 10 2 0.000099
100 10 4 0.000071
100 10 8 0.000091
100 10 16 0.000102
100 15 2 0.000188
100 15 4 0.000132
100 15 8 0.000157
100 15 16 0.000196
100 20 2 0.000315
100 20 4 0.000215
100 20 8 0.000185
100 20 16 0.000239
100 25 2 0.000457
100 25 4 0.000309
100 25 8 0.000331
100 25 16 0.000457
100 30 2 0.000643
100 30 4 0.000418
100 30 8 0.000457
100 30 16 0.000563
100 35 2 0.000847
100 35 4 0.000532
100 35 8 0.000577
100 35 16 0.000604
100 40 2 0.001064
100 40 4 0.000660
100 40 8 0.000717
100 40 16 0.000791
100 45 2 0.001348
100 45 4 0.000802
100 45 8 0.000876
100 45 16 0.000955
100 50 2 0.001659
100 50 4 0.000977
100 50 8 0.000775
100 50 16 0.001566
1000 3 2 0.000119
1000 3 4 0.000090
1000 3 8 0.000084
1000 3 16 0.000115
1000 5 2 0.000274
1000 5 4 0.000218
1000 5 8 0.000189
1000 5 16 0.000314
1000 10 2 0.001006
1000 10 4 0.000705
1000 10 8 0.000522
1000 10 16 0.000826
1000 15 2 0.001955
1000 15 4 0.001249
1000 15 8 0.000905
1000 15 16 0.001154
1000 20 2 0.003081
1000 20 4 0.001853
1000 20 8 0.001256
1000 20 16 0.001533
1000 25 2 0.004825
1000 25 4 0.002900
1000 25 8 0.002879
1000 25 16 0.002413
1000 30 2 0.006304
1000 30 4 0.003540
1000 30 8 0.003615
1000 30 16 0.003739
1000 35 2 0.008266
1000 35 4 0.004745
1000 35 8 0.004799
1000 35 16 0.003808
1000 40 2 0.010553
1000 40 4 0.005879
1000 40 8 0.005945
1000 40 16 0.004431
1000 45 2 0.012043
1000 45 4 0.007004
1000 45 8 0.006705
1000 45 16 0.004933
1000 50 2 0.015171
1000 50 4 0.008552
1000 50 8 0.008014
1000 50 16 0.008512
10000 3 2 0.001114
10000 3 4 0.000877
10000 3 8 0.000762
10000 3 16 0.001033
10000 5 2 0.002636
10000 5 4 0.001947
10000 5 8 0.001655
10000 5 16 0.002245
10000 10 2 0.008545
10000 10 4 0.005867
10000 10 8 0.006560
10000 10 16 0.009196
10000 15 2 0.019576
10000 15 4 0.012478
10000 15 8 0.008941
10000 15 16 0.010699
10000 20 2 0.031778
10000 20 4 0.019629
10000 20 8 0.018141
10000 20 16 0.015227
10000 25 2 0.042968
10000 25 4 0.026775
10000 25 8 0.018322
10000 25 16 0.022319
10000 30 2 0.059947
10000 30 4 0.034836
10000 30 8 0.024268
10000 30 16 0.028714
10000 35 2 0.079289
10000 35 4 0.048043
10000 35 8 0.031566
10000 35 16 0.036414
10000 40 2 0.101208
10000 40 4 0.061111
10000 40 8 0.039239
10000 40 16 0.045719
10000 45 2 0.126079
10000 45 4 0.075573
10000 45 8 0.048168
10000 45 16 0.055368
10000 50 2 0.153886
10000 50 4 0.092065
10000 50 8 0.060419
10000 50 16 0.069748
100000 3 2 0.011404
100000 3 4 0.009180
100000 3 8 0.008110
100000 3 16 0.011079
100000 5 2 0.027439
100000 5 4 0.021005
100000 5 8 0.017964
100000 5 16 0.024282
100000 10 2 0.087914
100000 10 4 0.062477
100000 10 8 0.048481
100000 10 16 0.061501
100000 15 2 0.179818
100000 15 4 0.120935
100000 15 8 0.088719
100000 15 16 0.107636
100000 20 2 0.294318
100000 20 4 0.192224
100000 20 8 0.136514
100000 20 16 0.162007
100000 25 2 0.447007
100000 25 4 0.284041
100000 25 8 0.197267
100000 25 16 0.229591
100000 30 2 0.619913
100000 30 4 0.387304
100000 30 8 0.265156
100000 30 16 0.311064
100000 35 2 0.829114
100000 35 4 0.501842
100000 35 8 0.341745
100000 35 16 0.397160
100000 40 2 1.064659
100000 40 4 0.635052
100000 40 8 0.426450
100000 40 16 0.486579
100000 45 2 1.312657
100000 45 4 0.744872
100000 45 8 0.526185
100000 45 16 0.595984
100000 50 2 1.603626
100000 50 4 0.942159
100000 50 8 0.621921
100000 50 16 0.713131
1000000 3 2 0.117988
1000000 3 4 0.099880
1000000 3 8 0.087613
1000000 3 16 0.095406
1000000 5 2 0.283930
1000000 5 4 0.221597
1000000 5 8 0.185884
1000000 5 16 0.201199
1000000 10 2 0.911145
1000000 10 4 0.646611
1000000 10 8 0.495817
1000000 10 16 0.530021
1000000 15 2 1.869113
1000000 15 4 1.180368
1000000 15 8 0.918209
1000000 15 16 0.958085
1000000 20 2 3.015782
1000000 20 4 1.859326
1000000 20 8 1.413648
1000000 20 16 1.480565
1000000 25 2 4.499969
1000000 25 4 2.865813
1000000 25 8 2.041627
1000000 25 16 2.111223
1000000 30 2 6.219680
1000000 30 4 3.707431
1000000 30 8 2.649612
1000000 30 16 2.794734
1000000 35 2 8.008695
1000000 35 4 4.960725
1000000 35 8 3.442435
1000000 35 16 3.546194
1000000 40 2 10.129497
1000000 40 4 6.162758
1000000 40 8 4.301892
1000000 40 16 4.466634
1000000 45 2 12.644422
1000000 45 4 8.083901
1000000 45 8 5.347289
1000000 45 16 5.528360
1000000 50 2 15.666861
1000000 50 4 9.586004
1000000 50 8 6.449735
1000000 50 16 6.553361
10000000 3 2 1.256027
10000000 3 4 1.018644
10000000 3 8 0.916628
10000000 3 16 0.893900
10000000 5 2 3.017486
10000000 5 4 2.262536
10000000 5 8 1.946736
10000000 5 16 1.962994
10000000 10 2 9.401889
10000000 10 4 6.875949
10000000 10 8 5.422379
10000000 10 16 5.385296
10000000 15 2 19.046455
10000000 15 4 13.099538
10000000 15 8 9.942633
10000000 15 16 9.613625
10000000 20 2 31.384327
10000000 20 4 20.393927
10000000 20 8 15.288853
10000000 20 16 14.990539
10000000 25 2 45.819379
10000000 25 4 29.526045
10000000 25 8 21.721161
10000000 25 16 21.095175
10000000 30 2 62.930899
10000000 30 4 39.624178
10000000 30 8 28.895650
10000000 30 16 28.482200
10000000 35 2 88.103345
10000000 35 4 53.040373
10000000 35 8 36.813204
10000000 35 16 36.497976
10000000 40 2 104.555592
10000000 40 4 64.820175
10000000 40 8 45.553390
10000000 40 16 44.650841
10000000 45 2 137.139024
10000000 45 4 84.130277
10000000 45 8 56.509113
10000000 45 16 54.929351
10000000 50 2 163.096221
10000000 50 4 100.050576
10000000 50 8 67.775079
10000000 50 16 64.873277