100 3 1 0.031508
100 5 1 0.037692
100 10 1 0.049473
100 15 1 0.063239
100 20 1 0.077691
1000 3 1 0.275911
1000 5 1 0.319800
100 3 1 0.031051
100 5 1 0.037546
100 10 1 0.052340
100 15 1 0.067454
100 20 1 0.092418
1000 3 1 0.309894
1000 5 1 0.344697
1000 10 1 0.443392
1000 15 1 0.560651
100 3 1 0.037905
100 5 1 0.044569
100 10 1 0.058893
100 15 1 0.073027
100 20 1 0.097738
1000 3 1 0.355068
1000 5 1 0.387088
1000 10 1 0.500111
1000 15 1 0.608611
1000 20 1 0.708022
100 3 1 0.039704
100 5 1 0.044118
100 10 1 0.056454
100 15 1 0.072321
100 20 1 0.091035
1000 3 1 0.360982
1000 5 1 0.390640
1000 10 1 0.486858
1000 15 1 0.583568
1000 20 1 0.689054
100 3 1 0.038082
100 5 1 0.043699
100 10 1 0.059957
100 15 1 0.078806
100 20 1 0.117414
1000 3 1 0.324034
1000 5 1 0.366074
1000 10 1 0.471704
1000 15 1 0.557332
1000 20 1 0.661630
100 3 1 0.034205
100 5 1 0.038349
100 10 1 0.052376
100 15 1 0.065096
100 20 1 0.080319
1000 3 1 0.279159
1000 5 1 0.312557
1000 10 1 0.423637
1000 15 1 0.526396
1000 20 1 0.647191
100 3 1 0.038083
100 5 1 0.043788
100 10 1 0.061826
100 15 1 0.079855
100 20 1 0.097492
1000 3 1 0.312484
1000 5 1 0.347338
1000 10 1 0.463453
1000 15 1 0.579756
1000 20 1 0.693739
100 3 1 0.034608
100 5 1 0.042905
100 10 1 0.059088
100 15 1 0.079409
100 20 1 0.120097
1000 3 1 0.322992
1000 5 1 0.352602
1000 10 1 0.490835
1000 15 1 0.624985
1000 20 1 0.770955
100 3 1 0.039437
100 5 1 0.047349
100 10 1 0.063700
100 15 1 0.079085
100 20 1 0.110327
1000 3 1 0.333766
1000 5 1 0.369420
1000 10 1 0.518334
1000 15 1 0.674497
1000 20 1 0.814143
100 3 1 0.035892
100 5 1 0.043736
100 10 1 0.061811
100 15 1 0.079736
100 20 1 0.100373
1000 3 1 0.313595
1000 5 1 0.369933
1000 10 1 0.521568
1000 15 1 0.674345
1000 20 1 0.829237
100 3 1 0.089702
100 5 1 0.081671
100 10 1 0.115224
100 15 1 0.124733
100 20 1 0.126712
1000 3 1 0.592390
1000 5 1 0.730879
100 3 1 0.099031
100 5 1 0.118238
100 10 1 0.158454
100 15 1 0.187931
100 20 1 0.200837
100 3 1 0.092019
100 5 1 0.092702
100 10 1 0.127790
100 15 1 0.160333
100 20 1 0.182175
1000 3 1 0.992094
1000 5 1 1.081919
1000 10 1 1.209022
1000 15 1 1.320658
1000 20 1 1.526829
100 3 1 0.034032
100 5 1 0.041259
100 10 1 0.058525
100 15 1 0.076294
100 20 1 0.096377
1000 3 1 0.301082
1000 5 1 0.352604
1000 10 1 0.496101
1000 15 1 0.989447
1000 20 1 0.765214
100 3 1 0.034968
100 5 1 0.041524
100 10 1 0.057395
100 15 1 0.073634
100 20 1 0.090687
1000 3 1 0.284252
1000 5 1 0.331380
1000 10 1 0.467491
1000 15 1 0.591898
1000 20 1 0.722196
100 3 1 0.034154
100 5 1 0.041114
100 10 1 0.057816
100 15 1 0.074469
100 20 1 0.097791
1000 3 1 0.324929
1000 5 1 0.384169
1000 10 1 0.463025
1000 15 1 0.588058
1000 20 1 0.713891
100 3 1 0.032314
100 5 1 0.039272
100 10 1 0.054978
100 15 1 0.068202
100 20 1 0.103812
1000 3 1 0.285070
1000 5 1 0.335322
1000 10 1 0.464726
1000 15 1 0.590353
1000 20 1 0.717036
100 3 1 0.033426
100 5 1 0.039901
100 10 1 0.055439
100 15 1 0.069924
100 20 1 0.086145
100 25 1 0.097511
100 30 1 0.112217
100 35 1 0.126247
100 40 1 0.140233
100 45 1 0.154172
100 50 1 0.167633
1000 3 1 0.294681
1000 5 1 0.348766
1000 10 1 0.487754
1000 15 1 0.618801
1000 20 1 0.752366
1000 25 1 0.887028
1000 30 1 1.015293
1000 35 1 1.148210
1000 40 1 1.285482
1000 45 1 1.416233
1000 50 1 1.546372
