100 3 1 0.000020
100 5 1 0.000048
100 10 1 0.000170
100 15 1 0.000390
100 20 1 0.000567
100 25 1 0.000873
100 30 1 0.001232
100 35 1 0.001556
100 40 1 0.001980
100 45 1 0.002201
100 50 1 0.002750
1000 3 1 0.000162
1000 5 1 0.000424
1000 10 1 0.001392
1000 15 1 0.002954
1000 20 1 0.005586
1000 25 1 0.007880
1000 30 1 0.011107
1000 35 1 0.014133
1000 40 1 0.018161
1000 45 1 0.021881
1000 50 1 0.026311
10000 3 1 0.001563
10000 5 1 0.003895
10000 10 1 0.014113
10000 15 1 0.028533
10000 20 1 0.047213
10000 25 1 0.070797
10000 30 1 0.098670
10000 35 1 0.132443
10000 40 1 0.169694
10000 45 1 0.211691
10000 50 1 0.258393
100000 3 1 0.015001
100000 5 1 0.038359
100000 10 1 0.132318
100000 15 1 0.277282
100000 20 1 0.469799
100000 25 1 0.765240
100000 30 1 1.044439
100000 35 1 1.334041
100000 40 1 1.734692
100000 45 1 2.176489
100000 50 1 2.678586
1000000 3 1 0.150530
1000000 5 1 0.388743
1000000 10 1 1.365028
1000000 15 1 2.894938
1000000 20 1 4.909253
1000000 25 1 7.455485
1000000 30 1 10.328255
1000000 35 1 13.737336
1000000 40 1 17.955085
1000000 45 1 22.348612
1000000 50 1 27.056208
10000000 3 1 1.641971
10000000 5 1 4.214307
10000000 10 1 14.477716
10000000 15 1 29.984267
10000000 20 1 50.759409
10000000 25 1 75.844993
10000000 30 1 105.236636
10000000 35 1 141.367373
10000000 40 1 182.417471
10000000 45 1 229.677409
10000000 50 1 280.938534